MSISDN
98761450
98759779
92427710
99136403
99472785
90731013
92411362
92409449
92427712
98758696
92389624
92395404
92413756
92383285
92400225
92426922
92380615
98759285
92414369
92404485
98756201
92378407
98753689
92387064
92378302
92384408
92431901
92378900
92386119
92398272
92433392
92386418
92387687
98761483
92384392
92391327
92381578
92384087
92378290
92408394
92408635
92407001
92409823
98765855
92388677
92385064
98755683
98755945
98755107
92402046
92406914
98754403
92397816
92391068
92397006
92396819
92385490
92409019
92390867
92389366
92409793
92422723
92419820
98761346
92389646
92402857
92408664
92408467
92436693
92387288
92408006
92384697
92419787
92401179
92249543
92418706
92387320
92416182
92402156
92407297
92416926
92434788
92426170
92426722
98764238
98758928
92420801
92413816
92422132
92420895
92424697
92425670
92378235
92413230
98758470
92426350
92421599
98764586
92423575
92424796
92422169
92416960
98762381
92386465
92432083
92432622
92416763
92430849
92416940
92432725
92427067
98759930
92426235
92377266
92377728
92402874
92406685
98762985
92421714
92387207
98755924
92419989
92420518
98762126
92345927
92400940
92398176
92384148
92405445
92379820
98760947
92392159
98754061
92395165
92393026
92392071
92413607
92383523
92424656
98760845
92377153
92402747
92389133
92402501
92406086
92391746
98764745
92398507
98756486
92400967
92397239
92384180
92418289
92435962
92424579
92423819
92401165
92401152
92401304
92388365
92390961
92416367
92392302
92392534
98765833
92391929
92407451
92411048
92394946
98742548
92401629
92392913
92393124
92410150
92420854
92436330
92379656
92386104
92379760
92432974
98756254
98764434
98758378
92417736
92387340
92415540
98763756
92379766
92414293
92377836
92381247
92377495
92427573
92402102
92377869
92408294
98762362
92404717
92377160
92416246
92366665
98765318
92401173
98763245
95924381
92403829
92387593
92387576
92401864
92410155
92225854
92391572
92395285
92435709
92427580
98759654
92427683
92437217
92403158
92390995
92391457
92403105
92427358
92403102
92389076
92388767
92389795
98755428
92388191
92387852
92406338
92408681
92427946
92409037
92403152
92389651
92390857
92390751
92433903
92384893
92431503
92379829
92384882
98757487
92379561
98762032
92377544
92379523
92386934
92382509
92387213
92387387
92390745
92405655
92407112
92410646
92434457
92395313
92402528
92407124
92428950
92431907
92224976
92252475
92422814
92412984
92384198
92420997
92426002
92392710
92381353
92427509
92398997
98754503
92408124
92379026
92378368
92377705
92388076
92389661
92401469
92385242
98758545
92388963
92422369
98759913
92434767
92418479
92431352
98760319
92404460
92407963
92411514
92407154
92417516
97213370
97247409
97240891
96821482
97247644
97228842
97226542
97241298
97239509
97238408
95872416
97234009
97215929
97213274
97242793
97247626
97219201
97212035
97244257
97241596
97233945
95871844
95871332
91749637
95872324
97200931
95870168
95870594
97243099
97228701
97245876
97218207
97247814
97242186
95872406
97243384
97219083
95873846
97181439
96830131
97246904
97213759
95872279
95872150
97225955
97220996
95870190
95869731
95875329
97236692
97239110
97220818
97213292
97243509
97241895
99135620
97162046
92273209
97246620
97247053
97246031
97246328
97246324
95874621
97246268
97246387
97245986
97245411
97245318
95873272
97244321
97244098
95873246
97243263
97243253
97242996
97242971
97242965
97242912
92913854
98691806
97242759
97242741
97245923
97211607
97241931
97241721
95872962
97212339
97241275
98543422
97242713
97240569
97239535
99943365
97239474
97239227
97239149
97375922
97239103
97239038
97238967
97238251
97237578
97238125
97653691
97237537
97236753
97212307
97349905
97235896
97241916
97235584
97235490
91645200
97234440
97234362
97234266
97234044
97233979
97233826
97233818
97233587
97233220
97232655
95872242
97231394
97231305
97230977
91261494
97230894
95871916
97230141
97229547
97229202
97229038
91761575
97942476
97160433
97229314
97229213
97230622
97215643
97236654
97228107
95871416
97227094
97226953
97226817
97212275
97226026
97225801
97225230
97224947
97225562
97756996
95871366
97224787
97224162
97223884
97223771
91637535
95871195
97223234
97653652
97223123
92913783
97222066
97221927
97221561
97221541
97221539
91266596
99434824
91257092
97220941
97218997
97220810
91273355
97635916
97218018
97219387
97219371
93664969
97219330
91273307
97219268
97219261
97219130
97220113
97218916
97218786
95851177
97218665
97218664
92911257
97218523
97218178
97652831
97218117
97941867
97130422
97216794
97234235
95870568
97216514
97265472
97216445
97216292
97216289
95870364
97216049
97635901
97215882
97215694
97257377
97653783
97215496
97214982
97214074
97235754
97214970
97214547
95869884
97375913
97635945
97213812
97213887
98714286
95869769
97212934
97213427
97213287
95869667
97213210
97213078
97213008
97212879
97212780
97212611
97212415
95875489
95875433
95875310
94985667
97637718
95874397
95874603
95874259
95874218
97386367
97386233
97386266
97226139
97227744
97224806
97386383
97236409
97234659
97386460
97219731
97215483
97215982
97214306
97386493
97228120
97213596
97246425
97231354
97228567
97229676
97243849
95874358
97386468
91476392
97236449
97212800
97218571
97246216
97215860
97743950
97244729
97231449
97238921
97239508
97242856
97242719
97239281
97220519
97218504
97240708
97386276
97148087
97238660
98604633
98618349
98608778
98621369
91461354
98619866
98605910
98620907
91666518
98613828
98612098
93235245
91671595
91679719
98584775
98608434
91659574
91657227
98617209
98584327
98577951
93234258
98588911
91687890
98602815
91684807
98596685
98619901
98580067
98575007
91683662
91672480
98611472
98614385
98579941
98609289
98575279
98596430
98596593
98615178
98608630
91682341
98596275
98582463
98618868
98600978
93234638
98621488
91679375
91687606
98597660
98598051
98595437
98754274
98596214
91675507
98608118
98608183
91685773
98617056
98577935
92533697
98621930
98593652
98604396
98606072
98618082
98581547
91660918
91672719
98607705
98592573
98581653
91686711
91461863
98593214
98594864
98593327
98612965
98603871
98619392
93234527
98596883
98610497
98611903
91676887
98609850
98597714
98596899
91677044
98577661
98598722
91666917
98595682
98603458
98603365
91676685
98621694
98598838
98595350
91667002
98591799
98593163
91683185
98588932
98607145
98753840
98621875
98594827
98575632
98598508
98596040
98583193
98574148
98577695
98603108
98622500
98611057
98594080
98575127
98607335
98613781
98607344
98579365
98602818
98593142
98578698
98614151
98753892
98577110
91664149
98574563
98606307
98594295
98587937
98585736
98606991
98615385
98606436
98610549
91683291
91657648
98578917
91657941
98600293
98604590
98615633
98589211
91684217
98601764
91666390
98618737
98597727
98618530
91665582
98584464
91673760
98582935
98607869
98592268
98576483
98615564
91671827
98576897
98591289
98605277
98622796
98594066
98605939
98594095
98603825
98597329
98604393
98603728
98622605
98622784
98615505
98608084
98623290
91675083
98596218
98599652
98617013
91748910
98615895
98587932
98593666
91663741
91667196
98608636
98613881
91666784
98596808
98598143
98596174
98590134
91863451
98603144
98593863
98621552
96821984
91757328
91668127
91674515
98594153
98595935
98595540
98597331
98595339
98584115
98608870
98754297
98577355
9860288
98584940
98601872
98754391
98612307
98615441
98617513
98582914
98577046
98615780
98603327
98585014
91683126
98754026
98602253
91676136
91682997
91657892
91681385
98575119
98595160
98573492
98612553
91684921
98592973
98608390
98574897
91667910
98772522
98758613
98758084
98758047
97128644
97127968
98754291
98733860
98761955
92863245
98718992
98747185
98741935
91870970
98724373
91867667
98726943
96823071
98758578
98721445
98726475
98714539
92860596
98764280
98768064
98763188
98775706
98777997
98744252
91800763
98752750
98745072
98716449
98757454
98734381
98723013
98762882
98736918
98717514
98716365
97129810
98731057
97129541
97128828
97128768
98627753
92864288
97128259
98732621
98778257
98777842
98777671
98776991
98776695
98776629
98776603
98775919
92864146
98774308
98773600
98772418
98770029
98769950
98769847
98769720
92864235
98768963
98768076
98766886
98766103
92866214
98739855
98765347
92863713
98718950
98764368
98764074
98763694
98763214
91634798
98762822
92863296
98762599
98762421
98761647
98761384
98761217
91636557
98760882
98760875
98760776
98759825
98759626
98759021
98758929
98758218
98758097
98767968
98757884
98757456
91637317
98756414
98756103
98755836
98755648
98754472
98752602
92862859
98751494
98750975
98745589
98750335
98750304
98749720
98749615
98749564
98749254
98749247
98732078
98735088
98748952
98765798
98748763
98748121
98746678
98746634
98746403
97131172
98745705
98745351
98744832
98743761
98743648
98743329
98743278
98742394
98742024
98710403
98741661
98741643
98740036
98740026
98713726
98738807
91640239
98739055
98738086
98737559
98737551
98737273
98736884
98732244
98736272
98736064
98736062
98774249
92860270
98734559
98734386
98733440
98733076
98732845
98732551
98731079
98730512
98730194
98729163
98729106
98728661
98727620
91642650
98726434
98725122
98721525
98721329
98720325
98719737
98719386
98719003
98718957
98718209
92861127
98717594
98717372
98715504
98715768
98715415
91643019
98715243
98715083
98715012
98714898
98713733
98712396
98712384
98712305
98710611
98710605
98710553
92861958
98710542
98710248
98709927
98709861
91792171
98709095
98708496
91791859
91794439
91644081
92865954
91795632
91796045
91796332
91796489
91796499
91797212
91798265
91798328
91799052
97129957
91799154
91644863
91800261
91802747
91803271
91801698
91804253
91804423
91804628
98756308
98755389
98756990
98739149
98739105
98738749
98748790
91796554
98765703
92863652
98755755
97131858
97132973
97133404
91631620
97130514
97133071
97133872
97132916
91631862
97134345
97133720
91606789
96830926
97134836
98758935
97142362
97143861
97143488
97134383
91608690
98759149
97145843
97144198
98759700
97143931
98759678
91610533
91607956
91607892
97136415
97144474
97134869
97145610
91608374
98758312
91606768
98760938
97135780
97138961
97134536
97142385
97142838
97135066
97135387
98756708
91608161
97135817
97134762
91609086
97142303
97143447
91607634
98759829
97135833
91608469
97141747
91607831
97135760
97137658
98757084
97154698
97153586
97155007
97931046
97150351
97148493
95862197
97149367
97148301
97147132
97155942
97148357
98760057
97149264
98760833
98761429
97148335
97151234
97152273
97157258
97149377
97154725
97155493
97152098
97147124
97156435
97152711
97154792
97152398
97155049
97146011
97155382
97152606
97150914
97146342
97150210
98761439
97158139
97158750
95861853
97161960
97161916
97161297
98762057
97161730
95861817
98762652
97160730
97161272
97165887
97164494
97164180
97162771
95863837
97169461
97171588
97167256
97166446
97164969
98763353
97162920
95863163
97168226
97168079
97167367
97167044
97167501
97166831
97164298
95861984
97164845
97163280
97165769
97170823
97162490
95862078
97168620
97164952
97163592
97166374
97168729
97162444
98763966
95863722
97163213
97193677
97197203
97197046
97190341
97176032
97172312
97196706
97208967
97200241
97207460
97191194
97187592
97185047
97179453
97179174
95866760
97197554
97204597
97198766
97193357
97189609
97201266
97202195
97183874
95867852
97189608
97190262
97187612
97186527
97178208
97200665
97198869
97200084
97198456
97204462
95865025
97193742
95864280
97199120
95866930
97196680
97194262
97173485
95864368
97176903
97198452
95867014
97193320
97199516
97173639
97209482
95866515
91761286
97202734
95866509
97208404
95864729
95868119
95867837
97182906
97208240
97176791
97182144
97193645
97190588
97182257
97199561
98765258
97203857
97200577
97204539
97206958
97206724
97199383
97205770
97204291
97174412
97199683
97201995
97176961
95868804
97197245
97198784
97172916
95868692
97209506
97204855
97210232
97195206
97201740
97195072
97195309
95863964
95867911
95867412
97199078
97198838
95866568
97194011
97193654
97193286
97199505
97173547
97181854
97188514
97180740
97177651
97187321
97198015
97194534
97193781
95868269
97176350
97174107
98765670
95864159
97178838
97202163
97192369
97189698
97181484
97189338
97200382
97209206
97173551
97177156
97202736
95868386
97178090
95867808
97187311
97186997
97186092
97179535
97187115
97197529
97187134
97188217
97178430
94266531
98764935
97183857
97188105
95867685
97201064
97205015
95864889
97176916
97183630
95867245
97205470
97178913
97193204
96826342
98764631
97198430
97181476
97210485
97173680
97194853
97180034
98764568
95863903
97183115
96823968
97176511
97180322
95866790
95864576
98765268
95866631
97199446
97197052
97198353
95867035
91244273
91273678
91268695
91266715
94309977
94310578
91249221
91256719
91264791
91253445
91218959
91249255
91258794
94310552
91271056
91260387
91254661
91266356
91299527
91244698
91268486
91255284
91286687
91254676
91279319
91279577
91282963
91263592
91279526
91299619
91253070
91274935
91279890
91260217
91239003
91283047
91296378
91258209
94310371
91299081
91297048
91284976
91258245
91257179
91261630
91258338
91264864
91239240
91245767
91243440
91297419
91245598
91275219
91258912
91258308
91246745
91268635
91189056
91303922
91296269
91244584
91276201
91259047
91267538
91263547
91273840
91254328
91238320
91275244
91275043
91297009
91245095
94310354
91244518
91296162
91262918
91249409
91246772
91289352
91271637
91279247
91240632
91236812
91230243
94310494
94310006
91230078
91267022
91265176
91234484
91276175
91269568
91293817
91294195
91294026
91299146
91295738
91295054
91286995
91290618
91231815
91282584
91284977
91297965
91276822
91230070
91298467
91295942
91249683
91286256
91292195
91293361
91254671
91241825
91276884
91295199
91278807
91233766
91229328
91262794
91287327
91251335
91289312
91253474
91271585
91277565
91285617
91257915
91298949
91258757
91239664
91234679
91247734
91226524
91274792
91238837
91236322
91304850
91246952
91301863
91264041
91250338
91288270
91295270
94310647
91257167
91240956
91284201
91301734
91207450
91207165
91196693
91194239
91192279
91191122
91187775
91179241
91178295
91176832
91176493
91176341
91173929
91170257
91169947
91163778
94306898
91194610
91868171
91172076
91208668
91208269
91205652
91200438
91194478
91193875
91192135
91191384
91190124
91183930
91182854
91179093
91175782
91174089
91170289
91165851
91164580
91207378
91182821
91208242
91208732
91208651
91199709
91207508
91204889
91195241
91195225
91184982
91184576
91179916
91177548
91175945
91171875
91170875
91169595
91167023
91165372
91163406
91160991
91160354
91206194
91206145
91204836
91198338
91195749
91194306
91191548
91185521
91185375
91185008
91181623
91177618
91176457
91174567
91166935
91166385
91163230
94307342
91195872
91194357
91194340
91193518
91183626
91183518
91179356
91176249
91173448
91172647
91170596
91167768
91167329
91164142
94503147
91180750
98792472
98794472
98795361
98794567
98792877
91210633
91211730
98791530
91210734
98792158
98792283
98791290
98794782
91210277
98790962
98793341
98794159
91209667
98796885
98791347
98797291
98795283
98791178
98791641
98796182
98792282
91211677
98793246
98792912
91209576
98797522
98795411
98796149
91210116
91122765
91089661
91099951
91083202
91095337
91086438
91093362
91116714
91085445
91096536
91083668
91080321
91089059
91105890
91082357
91089381
91075649
91079262
91072088
91127168
91123649
91089607
91089361
91097686
91078841
91971798
91090055
91242973
91092735
91096837
91113842
91097956
91099485
91096784
91098357
91097122
91103270
91070414
91081990
91074974
91092860
91075973
91105229
91119552
91095045
91101553
91070549
91081917
91094775
91122155
91109054
91091952
91114037
91093459
91101705
94309705
91086891
91114950
91125163
91072117
91085092
91072405
94307484
91108962
91072718
91079643
91105294
94307749
91124931
91089367
91114380
91095153
91125432
91077645
91123229
91126801
91091658
91118459
91075411
91127322
91090486
91090279
91127617
91073062
91072163
91247125
91076354
91100849
91088199
91073159
91126409
91096652
91091548
91103002
91084798
91074789
91077878
91076305
91298662
91117839
91072240
91086028
91097594
91126412
91133062
91139622
91151047
91149356
91137593
91146579
91146303
91133922
91154329
91135447
91140249
91136087
91148729
91133064
91144129
91151257
91151747
91151980
91144701
91150443
91152142
91132810
91131673
91127872
91132775
91136156
91151794
91146377
91139707
91139273
91147037
91137572
91149847
91149876
91139902
91146170
91151076
91135458
91141943
91134229
91133369
91134844
91134262
91142743
91146871
91128327
91138702
91134355
91148448
98794639
91148210
91148405
91146273
91133212
91149589
91136241
91154118
91139873
91127784
91134461
91226038
91224362
91224252
91221697
91216917
91610307
91217569
91221168
91224950
91224794
91216973
91217452
91216191
91217195
91216205
91218221
91219512
91218937
91219660
91226090
91216893
91218287
91217795
91218148
91222974
91223986
91226225
91218561
91217843
91216856
91216946
91219043
91223806
91215440
91224492
91217059
91219279
91215135
91218558
91282052
91243508
91271947
91273301
91290079
91276094
91276376
91299667
91291708
91279440
91291597
91298707
91276905
91287964
91281822
91245883
91296361
91295682
91299544
91292639
91253829
91239481
91245433
91243289
91186297
91213158
91277741
91237261
98794518
98791621
91209033
98792534
91158395
98793700
91300059
91348109
91323607
91345072
91341711
91350718
91474237
91489185
91431686
91436710
91466640
91347342
91323816
91335409
91348273
91415242
91483573
91427349
91507559
91454121
91453752
91422808
91321958
91523672
91537287
91539682
92327817
92314607
92327787
92327759
92319453
92319382
92327671
92327652
92327598
92324329
92327477
92319128
92314375
92327017
92318582
92326459
92318357
92326114
92326036
92325968
92325759
92320008
92325715
92325616
92325589
92325579
92325226
92325199
92325189
92596360
92324812
92317446
92594571
92323509
92323507
92323457
92322893
92322847
92321736
92325883
92323889
92321365
94323880
94323633
94315567
94316407
94318557
94316915
94325880
94318728
94320596
97992386
94317088
97985916
94324188
94321686
94321621
94324383
94325912
94325518
94321979
94312815
94319801
94325797
94325984
94323523
94323828
94315013
94323892
94323024
94317508
94317636
94322656
94314930
94312517
94312371
94319402
94313637
94315314
94324103
97980227
97980225
97989720
94313133
94325992
94325342
94325121
94315790
94324392
94314520
97992243
94314802
94315351
94279859
94281139
97964453
94268334
94280831
94281184
94287400
94291039
94281726
97986550
94275917
94278732
94279177
97987283
97969757
97983977
97964279
97964104
94279874
94282291
97987453
94280420
94287594
97982710
94289157
94270221
94288978
94288769
94288555
94288485
94284622
94288037
97986476
94278627
94277959
94277774
94277420
94268356
94268574
94268711
94289134
94292267
94284611
94288940
94278348
94268456
94287667
94288054
94273963
94285427
94268652
94268729
94272681
94289765
94286040
94287308
94287669
94291444
94289213
94271176
94291398
94284796
94288816
94281912
94279414
94280732
94285917
94268820
94289065
94287753
94275123
94273085
94274438
94271358
94274133
94283178
94279352
94276298
94276651
94291006
94285049
94284182
94270675
94284102
94232842
94272865
94282102
94283438
94280506
94282532
94271832
94268748
97983270
94285324
94286855
94285489
94283092
94232987
94276896
94277385
94279284
94283264
97987298
94286025
94285745
94274153
97981722
94283949
94283622
94271964
94268849
94271085
94270651
94272509
94279097
94278904
94279642
94276359
97963735
94289330
97987371
94277068
97986462
94268923
94268269
97987579
97983895
94296805
94259103
94258959
94305826
94296858
94248308
94251626
94310055
94251824
94295780
94254437
94258697
94295973
94307275
94263391
94247442
94307492
94296644
94259852
94258986
97983458
94309567
94298602
94294622
94262887
94308416
94250894
97985462
94252735
94259214
94297196
94247962
94315514
94254371
94314424
94264051
94303721
94307072
94248382
97993376
97985443
94247418
94254068
94247951
94260256
94248347
94295724
94264497
94266264
94260462
94304188
94297472
94257225
94259244
94247974
94246698
94255943
94263646
94265884
94257303
94309058
94251680
94259026
94253973
94263424
94264693
94254687
94297405
94255825
94203206
94261827
94254166
94267074
94302994
94264342
97994431
94295477
94252661
94312252
97983926
94297657
94261517
94262654
94261393
94299656
94296477
94293914
97987763
97987804
94254550
94267398
94301795
94264221
94298391
94256875
97993591
94255855
94250682
94300543
94298859
94310300
94256965
94298089
94253121
94268071
94298495
94257398
94255990
97983927
94257615
94250660
94299648
94311007
94259508
94256023
97985768
94295035
94246711
94293856
94256792
94297222
94292279
94296979
94251622
94256041
94256678
94294624
94295874
94310670
94248196
94308783
94303123
94296521
97985367
97993562
94310792
94255706
94294985
94250308
97993281
94260370
94298084
94267002
94247379
94254488
94262356
94297121
94304210
94298543
94262845
94301541
94259779
94294901
94265538
94292510
94250588
94250326
94310502
97983915
94298037
97994352
97994335
94308827
94260470
94248747
97985774
97993147
94296742
94295149
94297667
94266830
94264658
97983859
94248758
94267567
97983735
94294910
94260036
94247438
94299575
94247828
94258882
94255642
94299184
94266439
94297888
94299523
94257702
94297252
94295526
94294888
94302701
94254887
94246693
94246701
94301368
94248127
94250028
94261438
98571742
92999200
98567084
98567440
98562092
98164094
98563819
98149704
98568035
98147328
95883861
98562006
98559606
99207841
98559375
98014375
98557291
95884263
98572421
95883749
98568318
98573128
98572706
98572667
98254573
98572208
98252657
98027568
98571663
98571661
98571451
98570666
98570648
98570613
98012084
98570278
98569955
98560099
98569678
91000727
91611182
98569440
98569274
98224739
98218537
98568295
98568097
98030157
98568032
98567925
98567686
98014229
94365193
98566918
98565926
98565801
98565591
98182624
98564858
98561837
98564183
98563685
98275008
98563220
98563137
98563051
99126072
98561941
98561434
98561306
95873579
91626833
98561199
98560818
98560593
98560273
98560262
98559510
98559304
93900131
98085214
99043914
98014402
98558357
95885275
95885259
95885095
95884164
91987941
95883798
99924890
95883659
98558491
95883195
91860231
95882842
95882780
91497204
95882490
95882103
95882064
98624765
95881899
95881746
98554785
98553006
98549386
98034114
98548187
98550932
98551931
98028070
98543485
98541711
98540029
98539876
98539828
98538531
98537612
98537154
98536454
98354240
98533932
98532943
98531986
98526817
98525803
98522405
98521600
98520195
98519576
98519430
98533995
98027983
98509563
98508203
98027973
98506586
98505961
98499341
98498567
98028959
98027953
98496071
98027926
98494531
98493057
98493687
98491647
98491146
98490433
98489605
98489602
98485478
98635084
98480968
98473381
98469772
98635149
98463806
98463794
98458473
98458227
98634993
98456462
98453090
98027654
98438652
98438423
98436305
98432871
98362417
98026756
98633260
98361395
98360313
98359531
98353017
98349902
98348664
98348169
98347953
98347587
98347305
98017764
98345442
98345394
98345280
98343953
98342823
98334729
98340318
98337919
98334408
98329015
98333706
98324260
98330148
98326567
98323649
98319165
98317613
98311369
98309154
98308452
98307671
98306447
98305818
98304977
98298290
98298000
98294754
98437287
98347664
98554927
98557262
98556298
98556184
98554871
98554412
98554312
98554278
98353351
98556192
98552301
98550387
98552183
98551953
98036413
98551947
98352482
98551484
98034348
98548832
98548684
98549104
98547233
98547140
98546840
98033689
98545105
98544718
98543166
98541124
98544024
98540387
98543597
98628526
98541026
98540778
98540757
98540675
98539032
98538835
98596564
98630936
98537143
98536706
98536702
98535986
98535737
98535422
98535008
98534589
98534556
98607199
98533754
98628357
98533524
98031884
98533137
98532909
98031768
98532379
98531905
98531484
98531079
98531454
98532854
98530345
98530267
98528578
98031724
98528496
98527995
98627207
98527697
98527528
98520921
98526311
98526078
98525487
98033626
98031637
98521503
98521307
98620332
98520466
98520442
98519985
98520960
98519460
98526112
98604734
98516954
98517877
98516514
98515848
98627517
98514956
98649666
98514240
98513791
98470043
98628241
98628320
98508159
98507759
98596673
98507628
98507532
98507287
98507267
98606740
98507215
98507167
98620620
98505497
98505469
98505327
98504486
98028350
98638749
98502743
98502318
98003898
98501455
98003837
98499890
98499552
98499259
98498911
98498779
98498579
98627080
98498391
98628223
98498246
92821024
98496949
98496931
98496845
98496492
98495469
98495349
98495181
98494572
98002437
98492995
98492879
98321305
98492471
98492535
98491611
98017923
98490940
98480491
98490411
98629746
98479752
98488310
98490863
98488713
98488784
98488649
98488638
98486908
98486845
98486757
98485420
98485245
98485195
98627408
98484901
98484778
98628648
98480705
98628361
98490436
98473651
98479663
98479476
98603645
98627438
98478374
98477098
98476471
98628153
98476159
98017750
98027752
98475674
98475645
98475542
98475463
98475398
98475354
98474598
98474234
98474153
98645276
98596165
98471115
98470739
98470722
98470172
98470040
98600673
98469543
98469111
98469087
98468718
98487318
98467010
98466989
98465302
98620538
98464861
98464795
98027115
98463877
98465817
98463592
98320669
98462693
98462579
98635248
98460356
98635296
98459962
98503578
98458609
98627382
98457761
98456950
98457280
98404585
98453785
98452644
98627301
98451781
98450985
98450557
98449628
98447933
98447702
98446733
98446123
98445480
98445661
98445397
98445228
98444726
98444624
98607371
98443123
98140749
98440095
98439915
98438603
98438099
98432774
98436620
98435391
98434890
98311322
98433670
98433522
98432654
98635375
98362327
98362112
98360954
98360791
98360609
98360580
98360517
98019377
98360326
98359838
98359346
98631947
98347814
98356921
98356175
98626947
98356055
98517749
98354950
98627295
98349978
98626850
98349812
98348935
98348510
98347996
98627539
98597432
98627246
98349698
98346518
98600576
98345156
98629812
98344506
98344307
98344275
98344228
98343196
98343093
98026850
98340654
98341931
98341735
98341070
98340663
98436590
98340257
98340490
98335679
98338432
98338027
98337051
98335985
98334589
98334585
98334273
98334175
98333978
98332669
98332108
98331786
98331576
98331209
98343184
98330993
98327259
98330226
98329470
98329375
98329327
98329141
98293607
98627015
98327157
98326276
98326087
98326461
98326002
98329965
98325495
98324835
98324677
98324443
98324279
98333903
98323955
98481839
98324979
98323359
98322630
98322459
98321869
98606182
98321459
98627062
98321317
98304437
98338278
98319735
98019020
98319207
98318153
98317497
98317127
98316827
98316280
98018909
98315984
98315808
98315462
98315366
98314447
98314072
98018873
98313593
98313510
98312474
98312221
98311557
98311258
98309495
98309215
98309108
98018087
98308983
98308851
98628341
98308321
98308257
98310541
98613430
98605350
98306564
98298001
98306158
98305881
98018721
98304699
98304507
98492850
98304307
98641428
98303732
98300593
98302832
98302669
98301227
98300334
98018295
98627085
98018265
98298845
98299000
98627141
98297805
98482708
98296863
98295833
98631677
98028374
98646275
98524119
98482411
98307236
98030226
98287296
98285264
98284598
98284380
98284310
98283450
98280322
98275907
98273984
98271984
98269335
98267747
98267219
98266403
98265574
98264920
98288264
98287513
98287213
98286693
98286493
98285939
98027434
98284833
98283846
98283762
98283577
98283536
98280980
98279925
98278815
98277386
98276640
98276272
98275944
98275489
98275303
98273457
98273307
98273240
98273066
98272827
98272767
98272446
98272419
98272103
98270451
98269788
98269735
98268244
98268064
98267277
98266178
98265654
98265315
98263967
98262063
98261007
98256971
98250140
98249306
98248472
98248425
98253179
98245840
98245238
98243186
98241677
98240027
98238104
98237406
98236335
98236166
98235481
98234851
98234616
98234289
98232597
98232644
98232483
98225359
98218476
98218048
98216149
98213367
98209284
98208475
98023476
98207781
98206316
98204802
98203178
98200467
98200259
98199693
98197559
98194276
98193269
98193009
98185772
98184397
98184358
98183903
98177202
98176470
98175329
98174696
98171378
98164791
98163953
98159612
98158720
98158261
98155526
98152232
98151229
98150259
98149954
98148623
98145970
98143867
98141997
98139593
98138566
98135508
98135282
98134744
98134624
98134181
98134027
98133523
93132630
98131953
98130122
98129615
98128303
98183294
98126269
98264390
98123638
98123290
98115988
98122656
98114286
98113962
98113914
98111391
98107527
98107135
98107086
98106942
98104349
98101637
98095624
91498257
98093831
98088630
98085546
98080776
98078074
98077971
98005467
98074596
98107900
98072983
98072063
98070362
98069765
98069511
98068833
98067603
98067391
91514683
91514542
91511417
91508129
91507283
91504791
91502868
91502729
91500769
91499350
91493693
98018256
91498681
91498520
91497625
91497137
98036422
91491952
98264168
98263559
98262775
98264281
98261845
98261401
98022139
98260928
98021492
98253238
98252785
98259213
98258459
98258365
98258233
98257571
98257487
98021574
98257047
98255803
98020043
98254935
98020019
98254368
98254299
98254154
98254026
98020530
98253993
98253303
98250721
98250414
98249920
98250355
98249519
98249339
98249313
98249311
98248088
98248081
98247984
98247937
98247586
98247544
98246202
98246352
98246087
98246031
98245246
98244776
98244570
98244480
98025950
98244391
98244187
98243897
98243555
98243551
98243232
98243210
98243184
98243105
98236407
98242916
98242768
98025357
98240059
98025471
98238058
98237030
98236713
98236325
98236007
98235932
98235860
98235793
98235715
98235496
98235430
98235129
98234868
66713600
98234253
98171965
98231751
98231444
98231410
98230599
98227328
98227323
98227042
98226873
98226270
98225859
98225787
98225570
98225376
98224996
98224802
98224595
98224283
98223847
98223684
98223682
98223538
98223215
98221079
98026239
98221056
98220596
98220138
98219853
98219243
98218793
98216332
98217554
98023940
98004765
98216024
98215644
98215635
98214264
98213466
98212970
98212941
98212528
92416926
98211908
98211773
98235117
98023644
98209782
98209538
98023532
98208704
98208267
98207791
98207446
98207137
98206289
98206224
98206169
98205341
98205073
98201786
98201370
98199271
98198871
98198548
98198485
98198016
98197706
98197243
98196792
98196710
98196120
98196074
98195569
98195556
98194348
98193887
98193610
98193484
98193392
98193045
98192778
98192565
98191783
98190409
98189610
98189033
98009936
98015981
98185730
98185223
98183035
98182260
98181956
98181487
98181324
98180787
98179824
98179557
98179372
98179315
98014991
98014641
98178734
98230694
98178337
98178276
98177915
98177672
98177555
98014560
98175701
98176014
98175297
98174826
98173229
98174101
98173127
98014471
98172937
98172705
98172285
98172164
98171591
98170311
98169520
98169431
98169407
98012773
98168381
98167180
98166805
98166685
98165829
98164370
98164314
98164289
98164170
98163988
96913750
98163711
98162744
98162535
98152234
98162768
98162015
98161456
98014123
98160513
98160003
98158942
98157754
98157636
98157634
98157086
98156458
98155931
98155639
98155586
98155065
98155047
98154932
98154587
98154519
98154131
98154129
98153486
98014008
98152170
98152130
98013952
98151422
98154464
98151252
98150327
98150135
98149397
98149239
98149229
98148927
98264480
98146578
98146316
98012845
98145904
98145124
98146525
98144638
98144607
98144354
98144229
98013406
98143667
98013227
98143138
98142323
98142187
98013122
98141438
98140766
98139247
98139231
98138807
98012852
98136999
98136889
98136714
98136647
98135808
98135089
98134381
98132794
98132116
98131598
98131596
98130984
98130681
98130952
98129893
98129879
98129698
98127893
98127473
98127455
98127293
98127259
98011754
98126141
98125632
98125561
98125301
98124807
98124501
98011524
98123644
98123914
98123091
98121054
98120844
98120781
98119733
98010796
98119127
98117789
98117578
98116256
98114694
98114635
98114404
98111746
98109307
98109227
98264282
98108613
98108376
98108343
98107995
98107938
98106287
98106435
98106191
98105924
98105763
98105278
98103039
98102865
98102383
98101439
98100252
98099726
98098752
98098738
98014154
98016318
98096807
98016227
98094633
98094529
98092802
98092166
98092148
98016205
98092025
98090548
98089784
98089022
98086843
98086587
98086413
98085923
98085844
98015606
98085751
98085307
98084998
98006865
98006585
98006274
98083831
98083487
98006153
98083347
98082484
98081455
98081137
98080373
98080091
98079891
98079810
98006036
98078526
98078394
98078379
98005913
98003997
98077643
98077258
98077217
98076890
98005794
98075901
98075878
98075532
98075481
98074787
98074331
98073987
98005365
98072881
98072740
98071889
98069729
98003901
98068737
98067826
98067224
98067040
98066881
91514587
91514831
91512914
91512773
91512084
91510893
91510509
91510172
91509927
91509875
91509524
91509239
91508875
91508617
91508500
91508478
91507994
91507607
98007034
91507481
91506949
98009360
91506377
91505894
91504971
91504299
91503642
91503472
91503116
91503074
91502355
91501672
91500874
91500772
91500317
91498915
91498710
91498630
91498539
91498509
91498317
98094269
91498158
91498121
91498076
91498001
98008106
91497897
91497650
91497624
91497495
91497361
91497172
91497012
91496884
91496817
91496115
91495946
91494815
91493988
91493449
98016355
98018164
91491996
91492263
98293909
91491933
98153389
98207579
98227188
98104348
98005264
98123969
98700303
98671752
98659460
98646933
91750849
98634915
98633694
98685273
98693293
98635035
98633918
98631941
98663058
98659704
98659562
98703299
98629334
98700999
98646132
98645325
98648036
98643684
98654326
98640202
98638062
98694252
98697996
98693414
98690963
98675078
98679996
98697836
98674099
91183351
98653686
91645613
98634643
98634218
97150827
98755402
98662852
98637917
98672909
98638030
98657423
91654648
91647131
96821987
98658791
98643967
98663495
98690072
98683704
98670946
98677363
98642811
98641286
98692682
98693184
98648325
98683237
98666576
98672825
98684971
98643872
98671448
98672326
98671504
98668069
98655307
91651951
98673871
98643642
91653290
98637216
98647495
98682605
98697421
98625948
98705310
91648572
98679087
98700179
98679371
98636862
98680471
98639787
98628776
91652306
98694019
98659682
98664898
98659068
98682970
98627415
98682581
98623824
98676196
98675170
98641356
98660263
98637693
98663910
98645534
98677148
98651772
98694469
98688697
98694151
98681208
98697296
98624999
91646587
98629086
98672284
97142224
98673947
98654123
98701874
98690936
98639119
90687294
98700687
98674555
98651447
91653174
98743124
98651813
98680680
91653870
98683537
98668677
98626156
98645984
98648021
98648076
98755585
98625399
98675489
98676930
98657569
91649995
98645345
98754878
98755562
98632384
98643957
98668663
98693493
98633604
98642561
98632132
92538172
97128743
98635448
98647244
98632734
98671637
91651289
98637532
92538238
98636218
92531786
98640197
98673310
98635792
98668904
98663192
91645583
98651532
98705420
98704896
98658813
98696780
98655480
98654446
98696676
98631946
98624059
91655018
98683648
98755448
98630974
98627334
98687638
98641091
98689228
98651780
98693962
98707381
98638356
98677851
98647561
98641643
98629267
98755386
98676369
98645680
98645091
98694742
98631342
98692762
98684753
98629916
98694079
91796131
98675479
98683249
98659507
98673108
98755294
92537940
91653491
98672282
91989317
98664126
91647650
91647208
98634910
98755431
98627442
98692049
98754742
98637634
98632126
98652285
98674306
91647847
91867539
98061793
96832181
98065283
96835610
96832863
96837312
96837035
91767089
96831973
96837403
96835435
96832374
96833548
96833564
98040082
91877858
96844672
96842256
96839518
96848679
96836293
98064591
90019669
96842164
96841192
98052935
98054732
96847538
98047209
98058281
97039702
90020929
96850082
98040697
96853034
90013087
98037866
90013167
90008958
90023223
90012513
98055265
90009282
98034642
96753296
98056612
96833660
98050019
91809867
98038818
90025970
98034754
98051621
98040951
96856615
90013278
90024084
90010897
90566345
90012548
98064734
90015885
90007445
90021737
90012930
98041886
90020972
96844872
96856764
95401080
98637425
96832738
98059508
98038056
98057513
96691878
98049442
98064862
98064271
98049428
98046847
91779497
90017062
90023657
98043660
98035924
96834026
98039879
98038237
98035736
98043621
98038794
98042938
96845812
91329470
90012619
98061145
98047149
98037560
96836354
96839490
98066546
98055937
96849352
96855969
98041344
98053897
96216468
96846026
98053528
90016257
96836852
90003794
98053447
96850978
96848697
96842661
98047863
98047692
96834905
96835480
90015419
98065318
96836482
98063199
98055455
98047581
96839789
98058546
90024384
98044396
90009485
90213186
90232674
90228318
90213517
90220178
90210228
90204230
90215209
90234683
90211688
90237750
90219784
90215783
90227047
90226928
90216924
90204904
90210733
90215790
90208067
90201959
90216723
90217814
90210317
90218514
90214296
90285135
90277532
90283584
90285964
90252415
90986925
90294535
90258253
90282466
90277243
90281262
90282999
90248647
90986742
90247570
90257615
90277323
90250382
90258837
90263244
90238112
90278626
90261961
90255716
90269565
90265425
90250286
90286831
90263528
90256935
90271099
90266084
90251629
90244083
90249650
90283548
90253449
91865641
90276026
90985909
90279573
90986581
90265391
90244535
90241696
90276673
90279775
90285864
90275369
90274169
90275558
90694633
90283380
90278748
90278499
90256323
90285172
90269869
90275274
90279379
90278438
90274721
90266173
90253764
90272476
90265405
90276132
90274096
90269717
90263557
90258411
90264407
90270513
90242180
90273153
90276982
90269148
90248885
90268852
90276958
90278364
90275441
90266911
90287963
90269187
90274697
90259163
90244012
90251696
90276204
90269481
90247903
90271550
90274801
90260266
90285064
90250656
90238879
90986537
90986291
90985771
90985746
90273021
90268614
90274097
90248683
90244777
90277951
90284134
90243480
90985763
90985782
90200587
90200282
90200276
90137123
90196116
90195322
90185844
90185021
96218074
90183945
90183870
90182467
90181586
90179895
90178773
90176933
90176230
90172604
90120438
90168554
90166779
96217866
90162921
90180692
95148553
90136155
90128919
90128407
90128194
90121446
90119317
90118481
90116223
90146249
90114220
90113659
90118471
96217936
90128521
90172435
90112987
90166437
90168773
90164097
90164759
96218182
90198809
90128469
90198312
90194551
90193675
90188464
90192004
90175283
90173793
90159420
90146033
90132838
90129614
90124737
90122784
96217093
90135845
90121642
96218020
90114962
90154379
90180175
90120967
96217749
90185038
90182137
90176503
90173683
90173633
90170538
90167763
90165761
90164468
90162243
90161419
90157290
90155254
90149817
90149561
90123665
90138037
90135985
90159081
90124976
90124794
90129410
90159721
90124285
90190557
90140731
90119610
90142939
90129527
90124092
90186595
90130692
90140509
90182522
90192297
90136586
90167783
90115692
90129998
90119561
90138062
90118143
90147871
90188593
90165071
90148205
90146460
90175234
90163078
90112417
90119291
90172844
90167625
90137137
96216576
90113497
90113364
90165890
90116367
90139593
90180678
90168950
90139369
90198351
90196053
90195390
90195311
90189146
90186968
90172071
90166767
90152035
90149715
90147142
96217004
90142721
60403802
90132613
90190265
90195796
90128229
90185250
90199549
90115384
90180319
90167229
90163593
90117802
90125043
90139453
90116286
90116491
90193345
90128059
90171498
90195973
90161639
90115503
90153281
96217792
90158987
90143676
90156479
90121777
90123691
90167902
90180281
90200371
90127176
96216946
90110675
90200979
90188668
90130634
90143997
90144372
90163690
90051264
90046349
90089027
90063514
90068114
90077853
90052992
96207813
96205075
96207283
90059856
90078547
90072321
90104465
90034765
90040815
90066915
90034227
90028730
92346012
90107193
90104896
90097035
96206589
92205655
90097056
90045717
90110209
90075433
90064978
90080483
90055289
90082491
96204493
90097038
90036928
90053062
90105442
90088931
90094609
90071129
90108789
90062698
90095783
90074913
90079610
90069663
90054053
90099318
90100399
90056139
90065646
90084247
90106228
90040558
90085070
90104295
90055824
90098144
90089342
90062557
90078944
90084952
90074321
90067741
90043436
90090358
90092125
90094186
90096028
90077274
96207266
90067983
90097168
90086583
90046111
90107457
90057319
90062287
90075564
90033825
90085679
90048192
90098386
90044689
90059376
90038255
97957964
97943819
97942823
97944077
96211374
97944514
96209112
97942337
97943574
97959379
97957466
96213663
96211962
96211669
97939786
98004346
97952427
97944608
96215247
97941656
97942917
97942091
90121378
96213106
97955954
97956069
96214282
97952102
97945753
97946838
97949524
97949023
97948224
97949689
96212509
97949750
96209047
96209062
97957806
96201092
97953698
97951252
97948343
96214930
96213281
97952633
97950106
96219457
98028694
97947701
97946906
97945401
97942581
97945241
97957920
97940270
97950053
97951435
97951571
97947792
97948975
96214926
97952813
97946821
97947289
96209546
96220519
98014353
98016425
97997378
98012666
98003734
98018330
97997518
98011691
98016415
98018982
96218982
98006291
98009398
96218194
96219181
98004237
98005391
97929954
98018446
98044001
97679767
98019329
98024346
98028594
98022883
98028389
98032042
98026465
98023738
98025911
98025087
96216599
98022813
98024034
98028772
98031867
98021253
98023890
98033461
98018696
98027212
96216316
98031510
98024391
98026652
97958409
97996246
97993869
97988774
97986029
97963508
97966076
97988794
97964733
97991767
97964772
97961157
97960451
97959848
97959606
97959288
97985561
97984383
97958002
97984194
97961525
97992046
97985709
97984227
97993949
97992179
97995416
97964186
97992475
97984906
97966741
97966456
97988862
97966779
97987790
97989054
97963133
97964129
97964167
97996215
97985161
97983595
97964041
97980595
97983774
97993988
97995956
97982969
97996102
97982804
97985471
97981586
97961654
97961491
97994827
97991962
97958901
97988312
97987136
97959220
97986740
97988448
97959312
97984315
97958859
97987568
98971887
97994622
97960836
97992442
97964304
97994322
97962107
98019030
98026446
98031405
98032647
98022598
98030318
98028194
98025388
93102444
97946749
97947911
90093049
91260612
97956583
96211451
97958230
97988646
97984268
97984232
97963194
97959276
97961969
97981296
97961651
97981324
97982591
97994788
96837945
96835674
95370148
97941391
97941897
96416677
98021743
98033215
93622810
98033043
98032021
96261050
96261058
96262157
96219267
96219059
30387172
97951893
94462363
90738059
90721938
90733427
90728609
90715256
90693581
90747741
90745086
90737115
90729755
90733198
90732351
90701451
90719987
90712173
90709249
90719886
90693038
90692078
90689155
90314400
90745702
90736217
90735933
90734500
90733866
90724950
90724175
90720059
90717342
90703823
90703581
90698513
90697493
90704215
90688511
90720476
90732628
90752379
90712058
90711432
90702231
90694498
90689085
90684032
90748429
90748379
90746678
90742936
90740272
90734811
90732788
90725757
90729214
90722940
90720482
90714525
90713634
90709362
90707836
90699677
90699346
90698267
90696518
90695185
90691720
90689594
90688959
90688693
90685004
90684313
90683451
90683437
90680149
90680006
90679568
90679210
90679148
90676434
90675976
90673550
90672642
90672334
90672293
90670952
90670169
90638734
90668691
90668536
90668159
90667995
90667425
90665321
90664794
90663087
90662556
90660386
90658837
90654719
90651303
90650178
90649649
90649031
90648739
90648724
90647741
90646788
90645999
90642920
90642466
90642307
90641923
90640773
90639546
90639216
90638598
90634674
90632679
90632202
90631008
90629123
98780778
98780767
90653752
90652945
90649568
90649459
90646086
90642095
90641706
90634031
90680064
90667298
90650103
90647514
90643992
90641373
90640246
90681429
90678775
90676639
90675612
90675595
90674373
90673791
90673480
90673390
90666125
90663424
90661621
90650326
90638665
90629980
90628708
90679423
90674705
90673558
90670430
90669594
90667503
90667487
90666903
90666965
90665448
90664507
90659793
90658357
90657687
90653499
90645891
90643741
90639645
90636108
90635493
90632671
90632442
90624759
90617296
90564018
90550926
90548234
90504671
90495534
90482012
90466328
90465499
90462749
90462507
90451858
90397326
90438532
90440840
90512380
90410478
90376432
90606155
90743805
90570254
90566296
90565420
90564828
90737036
90554030
90734677
90550860
90546079
90544278
90496476
90726576
90536377
90725127
90550676
90483751
90457026
90453538
90639116
90433404
90428297
90419323
91761980
90720828
90743710
90732854
90542329
90442863
90517448
90469130
90607132
90723857
90504839
90493810
90470959
90470936
98779012
90609238
90483377
90628146
90623988
90614973
90605798
90603697
90597843
90596927
90596391
90583324
90574751
90568154
90570562
90545707
90539358
90535612
90531484
90530671
90525021
90524756
90514144
90501894
90501169
90496255
90472380
90479782
90476182
90475070
90474129
90472921
90470983
90465679
90462037
90461805
90457392
90453660
90451972
90450237
90440957
90432950
90421466
90417183
90402414
90399848
90396128
90392068
90685926
90478528
90440786
90548071
90586352
90559396
90531290
90473530
90469939
90414028
90498374
90628236
90626063
90623406
90617851
90613472
90582836
90604557
90602995
90602558
90586983
90574179
90564403
90558639
90556759
90553835
90549082
90545019
90542132
90535891
90526829
90512142
90507185
90485186
90477885
90477484
90476273
90472423
90469893
90468683
90467286
90449784
90436635
90441670
90431832
90424627
90424425
90533202
90408883
90400519
90396047
90389598
90388310
90383354
90563578
90539137
90527324
90525128
90483267
90439842
90624828
90598038
90565448
90493357
90455921
90451898
90413494
90413970
90620984
90565599
90566384
90554081
90613753
90568211
90557800
90478352
90537024
90532080
90531312
90531012
90529831
90529347
90628608
90520941
90516388
90509827
90437714
90418522
90412628
90389801
90544571
90458113
90453039
90443874
90441443
90413682
90526561
90426219
90628249
90627879
90626499
90615948
90610449
90609844
90605928
90604758
90744143
90602209
90599613
90591633
90585074
90583709
90742090
90582604
90741607
90580398
90579021
90578798
90578447
90576561
90576254
90574167
90568535
90739055
90563509
90562407
90562018
90736642
90559331
90556792
90555895
90555027
90552438
90552209
90552190
90732915
90549923
90544187
90727624
90541725
90726487
90726375
90538417
90536826
90536537
90536331
90535743
90534961
90534842
90532581
90532275
90531765
90528837
90527281
90571914
90521953
90625316
90519830
90518936
90513119
90512845
90511934
90507939
90505923
90504962
90502927
90498658
90487957
90486518
90485277
90716221
90482328
90481208
90479531
90479239
90712241
90477858
90476936
90711053
90475245
90473088
90471389
90469917
90463654
90468090
90704268
90463936
90486577
90462284
90460157
90458068
90457628
90457596
90454250
90481174
90698489
90446931
90640406
90436555
90436540
90435339
90432875
90430836
90429991
90428567
90426862
90423101
90421969
90421494
90416779
90414769
90467599
90412208
90408956
90402302
90401447
90401297
90399320
90399879
90399840
90397938
90390192
90390178
90686029
90387768
90290297
90384284
90684237
90382587
98776963
90748435
90381933
98776815
90725398
90712664
90468914
90466916
90699651
90433963
90703817
90461829
90626492
91762173
90605390
91760998
91761531
91761872
90566472
90556634
90533603
90532639
90517857
90516253
90507966
90488328
96823162
90461793
90452897
91750223
90392971
98778832
98777393
90570502
90593082
90587975
90541989
90466369
90612246
90606157
90601193
90593014
90591832
90742602
90586529
90569876
90549927
90547397
90727898
90539873
90538292
90538086
90533752
90525640
90520773
90487017
90486225
90483431
90479236
90475056
90473536
90456387
90445971
90439632
90437434
90436548
90433736
90467715
90428660
90426680
90453677
90710528
90419782
90417061
90411639
90473321
90411779
90401074
90397004
90387613
90387422
98779361
90624016
90521793
90456257
90429515
90457084
90598947
90589062
90473958
90375299
90366726
90365388
90358297
90336842
90334979
90330596
90326342
90316429
90305676
90334836
90299313
90298519
90296749
90293844
90298076
90289237
90324392
90370557
90317332
90349681
90360528
90310332
90352539
90349272
90347265
90341439
90339501
90332459
90327303
90325326
90315697
90304963
90298651
90309885
90334971
90329412
90381263
90374978
90362759
90296735
90325341
90309280
90306786
90321666
90322427
90374667
90368757
90367512
90366895
90360052
90355493
90352736
90349762
90342280
90341587
90338247
90337528
90332824
90329841
90324301
90320143
90307516
90305658
90297634
90293117
90290374
90290233
90288295
90287950
90374783
90367546
90367268
90358520
90358293
90356475
90352741
90352428
90342761
90340965
90331065
90328200
90328038
90319458
90317540
90308243
90307291
90306865
90298556
90291357
90359798
96830272
90313234
90331869
90347356
90296796
90352362
90296729
90336059
90374679
90372330
90371831
90366915
90365820
90364798
90359708
90357942
90341597
90339594
90339497
90337812
90331604
90325661
90313483
90307564
90306556
90305742
90303759
90300334
90293701
90374971
90346925
90290437
90344939
90331545
90372514
90370347
90354990
90291743
90297219
90381580
90376296
90372601
90371114
90366796
90365326
90364556
90359532
90355823
90334998
90349163
90336925
90335895
90334963
90331295
90328526
90327984
90327899
90325835
90324953
90324774
90324743
90322740
90319766
90317191
90317532
90315518
90315983
90315798
90315558
90337698
90312713
90307597
90307160
90307618
90296682
90295405
90294069
90293870
90293760
90290844
90292665
90324693
90340094
90318568
90377659
90356499
90331034
90380046
91701977
91693431
91729887
91726396
91708617
91704350
91731075
91716783
91693324
91702396
91728265
91717215
91726211
91729627
91693100
91713622
91698766
91728685
91712684
91729371
91729684
91715546
91717518
91692968
91719076
91697076
65915658
91709344
91710028
91703586
91713408
91705476
91723612
91725976
91725486
91731408
91716808
91708001
91709715
91716249
91702555
91695141
91705848
91715813
91700340
91727412
91725745
91708368
91714876
91695898
91715593
91708153
91714940
91728301
91714337
91730211
91723840
91708260
91714316
91728204
91712537
91693653
91706254
91734198
91735689
91736537
91734793
91735984
91736707
96974987
91735194
91734899
91733150
96974979
91734861
91736184
91738140
91734418
91647502
91735454
96975160
91738348
91738131
91738277
96975072
96974827
91590337
91587830
91610750
91607775
91594924
91599426
91768558
91626645
91625055
91621425
91626224
96975907
91593977
91617235
96975640
91612896
91618977
91609710
96976051
91590827
91593941
91620049
91591095
96975949
91594080
91628641
91605492
96975197
91624564
91603024
91612694
91588453
91619077
91626319
91595249
96975872
91608399
91611583
91600540
91629395
91592493
91629167
91592701
91607459
91605810
91622327
91602584
91590997
91622507
91623461
91616403
96975184
91627637
91621736
91610862
91590165
91592660
91607186
91606681
91612187
91628045
9590815
96975612
91602775
91625792
91618490
91612291
91588703
91609434
91600814
91625378
91628314
91609631
91628020
91629403
91631402
91597136
91607868
91592559
96975342
91623290
91628478
91615849
91596621
91751039
91813047
91785868
91806087
91774365
91805491
91810327
91796144
91751645
91799382
91820315
91754907
91792578
91792345
91771812
91748292
91863055
91757203
91768638
91763517
91817368
91756150
91759937
91744251
91829338
91824496
91828853
91758025
91768585
91800853
91827062
91800889
91748781
91765967
91781986
91791823
91816494
91802886
91763266
91812682
91810675
91808373
91825743
91792048
91758184
91776466
91769268
91827424
91746134
91827592
91762035
91810471
91827118
91817647
91810829
91823095
91827745
91791590
91813669
91827102
91779726
91768900
91766184
91769428
91815568
91816252
91810623
91820692
91759356
91774173
91762416
91771560
91760036
91824919
91758274
91762049
91779011
91754144
91749334
91798389
91779094
91765521
91827168
91830760
91792367
91783957
91788399
91803404
91743724
91802723
91746277
91756265
91760471
91765361
91786468
91778211
91765266
91765553
91805337
91790185
91798538
91777045
91743550
91798563
91826785
91759041
91768072
91778214
91758294
91826357
91829320
91793089
91749356
91752325
91783944
91789259
91791702
91791427
91770862
91796848
91820991
91804426
91780364
91824612
91810756
91758459
91830642
98791274
91652296
91633859
91665948
91667621
91668605
91663143
91635048
91600878
91683414
91669253
91671642
96998149
91818895
91646647
91687500
91685539
91683281
91670873
91632753
98789338
91657650
91654624
91671002
91663923
96986404
91648949
91638736
98791610
91664304
91669524
91689155
91653923
91596113
91816617
91748652
91781481
91618924
91747654
91606473
91633198
91643933
91637314
91676520
91675999
91664692
91664185
91664029
91655530
91655073
91652184
91651891
91659957
91651352
91649511
91649389
91649621
91647806
91649063
91646711
91644041
91635935
91650870
91656605
91644228
91637075
91687764
91632959
91641174
91680653
91641397
91678648
91638462
91656849
91662568
91679117
91661414
91640028
91664316
91646082
91640180
91632935
91641434
98789968
91642378
91672484
91672846
91600382
91605284
91643657
91634445
91638703
91634503
96995382
91653266
91634257
91668652
91675941
91673969
96996092
91649227
91674985
91690585
91671508
91654817
91679431
91651970
91673352
91686926
91688314
91673957
91676334
91673038
91670726
91688102
91679132
91596515
91652599
96999591
91635136
91673961
91661482
91634401
96994038
91673170
91671683
96986659
91656075
91669781
91659478
92675984
96973203
91685934
94372774
94391871
94393094
94390977
94391604
94366810
94389660
94403430
94385960
94363240
94391779
94385676
94393146
94387981
94407170
94380629
94386407
94371260
94377987
94399432
94377885
94387601
94411336
94385619
91031019
94410593
94366158
94402811
94395272
94373846
94376406
94386968
94380582
94364469
94402074
94363746
94998735
94369599
94394966
94396497
94408398
94419456
94379645
94410987
94401086
94409698
94380416
94387178
94365882
94410992
94381724
94389883
94415090
94372961
94372444
94406741
94371760
94409299
94393974
94404425
94406737
94374368
94413290
94368635
94391724
94404741
94363567
94362547
94409432
94384667
94372167
98806489
91029383
94386349
94385123
94380047
94381492
94378354
94380221
94375460
94373404
94383713
94383272
94383193
95405784
94380251
94364003
94382267
94366710
94380318
94391608
94372536
94397174
94386623
94405866
94397927
94384170
94365893
94391243
94409013
94401806
94364832
94372423
94372407
94398704
94392091
94394771
94360761
94415898
98806476
94372834
94387340
94404415
94406590
94369084
94379443
94392486
94375305
94375945
94392756
94387732
91033789
94360680
94361814
94374815
94382100
94395055
94391470
91031821
94398737
99582119
94402908
94378616
94375377
94379775
94372080
94391481
94386282
94415980
94380290
91032865
94393341
94394123
94362595
91033252
94363984
94418373
94397476
94383108
94376434
98806494
94403130
94476953
94370931
94414677
94371371
94364810
94379594
94364962
94392528
94390544
94378623
94369018
94390281
91030987
94377433
94388433
94407854
94402316
94385189
94368992
94392473
94399686
94383978
94384602
94384293
94415804
94415724
94375365
94367562
94401228
94392434
94360657
94410694
94402945
94407757
94394078
91765349
94418311
94361248
94392994
91030095
94383036
94362435
94369055
94394505
91030139
94362991
94397510
94375600
94417438
94400993
94395069
94381227
94399720
94407596
94397099
94381670
94363933
94393656
94368537
94397961
94394468
94416414
94362524
94372354
94371095
94407573
94408320
94363212
94368271
94372425
94398723
94391006
94395928
94369928
94370314
94362405
94374282
94374629
94384173
94361598
94384130
94362724
94393143
94401982
94407756
94399456
94363317
94399234
94370276
94393464
94377153
91029935
94417328
94394115
94413790
94365830
94368254
94401235
94362870
94415366
91031796
94400702
94364097
94385537
94409897
94394088
94370695
94369583
94373814
94364568
94361628
94407908
94409343
94364616
94415321
94386158
94404675
94379985
94372408
94388494
94414427
94414625
94388116
94366584
94369984
94387339
94398081
94398084
94416652
91032730
94392508
94416023
94406341
94389451
94388384
94375796
94395264
94361540
94417348
94362850
94364752
94417112
94400938
94382531
94415004
94419642
94392299
94392096
91032680
94413755
94385728
91032798
94373203
94409063
94395419
94367630
94386661
94372979
94409854
94380052
94385392
94407327
94401623
94410499
94396833
94391178
94404794
94373479
94394999
94390204
94374383
94364076
94383958
94361870
94396272
94391008
94393757
94367204
94419580
94415689
94394801
94418064
94407935
94392196
94364930
94395856
94392149
94412325
94391134
94394951
94402294
94373853
94383205
94392228
94400081
94385540
94386628
94387753
94382852
94363024
94393497
94411276
91032935
94385586
94396575
94395755
94380789
94392131
94372869
94419115
94291562
94393238
94367165
94409118
94402818
94396691
94370245
94418226
94393722
94406703
94387029
94369702
94715957
94394094
94381018
94387916
94374225
94386527
94413358
94370419
94417167
94395210
94393784
94350125
94353712
91073709
91066482
 91074008
91066181
91022803
94360528
94360520
94360458
94360191
94360141
94359968
94357700
94359946
94360026
94359767
94359640
94359564
94359249
94359203
94359176
94359063
94353511
94358606
94358460
94358407
94358134
94358064
94357837
94357693
94357279
94357166
94357143
94353009
94357138
94357003
94356935
94356919
94356612
94356563
94356388
94356197
94356195
94356182
94355903
94355896
94355787
94355614
94355433
94355417
94358053
94355138
94355126
94355087
94353810
94355073
94355017
94354877
94354797
94354644
94354638
94354565
94353694
94354504
94361224
94354307
94353907
94354052
94352422
94353613
94353288
94353279
94353266
94352156
94353083
94349376
94352778
94352593
94352397
94352334
94352191
94351890
94351820
94351806
94351722
94351713
94351681
94351611
94350789
94350670
94350522
94350469
94350390
94350165
94340161
94359315
94349988
94349940
94349697
94349388
94353592
94349294
91065916
94349222
94349201
94348988
94348978
91067890
94354761
91067835
91064327
91063976
91476953
91464174
91478965
91478907
91466228
91478785
91470876
91476911
91465158
91484138
91466470
91470487
91474136
91474890
91475750
91480297
91476889
91477527
91466509
91483759
91481495
91465785
91477582
91467944
91465054
91474835
91478372
91468605
91476955
91473456
91479311
91465322
91468662
91483088
91465307
91485251
91481559
91478159
91476429
91481267
91475549
91480849
91479752
91477715
91470391
91464190
91482622
91482579
91484212
91464580
91472976
91473984
91481871
91465887
91478796
91467591
91479318
91465986
91484253
91465977
91483132
91483244
91471245
91483201
91479298
91480824
91468792
91477756
91480518
91480380
91479302
91478653
91482014
91464431
91476467
91476002
91475939
91475662
91478458
91474373
91479161
91472228
91484290
91472116
91480241
91469322
91469266
91465927
91478269
91482316
91480256
91482092
91474516
91482508
91465833
91464795
91480960
91480656
91476633
91483663
91482296
91482455
91465498
91474317
91472132
91482396
91483218
91471609
91476122
91480227
91480290
91483591
91471432
91470336
91484711
91480986
91465096
91465903
91478208
91797834
91479238
91476181
91465329
91476349
91482332
91472996
91870094
91467479
91481745
91478357
91464371
91476285
91464289
91480466
97561814
97539794
97546383
97544178
97575295
97535865
97568863
97539064
97566133
97554573
97553262
97576955
97572852
97574695
97556710
97546777
97559214
97573290
97564112
97571377
97533871
97559517
97532949
97543783
97552710
97568676
97562400
97533147
97567620
97576580
97564275
97560795
97537327
97552627
97566314
97565978
97568726
97560174
97551974
97550107
97547649
97544732
97538434
97537628
97544168
97570789
97543974
97543348
97574959
97562877
97576136
97544989
97575893
97559084
97552910
97532565
97574282
97534035
97574549
97557576
97559515
97539684
97550497
97536002
97534148
97533640
97572993
97550654
97576261
97555417
97566450
97532889
97539295
97476153
98785839
97472449
97470412
97469784
97467617
97467105
97471529
97466246
97467342
97470517
97463695
97461256
97463756
97476283
97472559
97474063
97473576
97468253
97470913
97458988
97457234
98781228
97457332
97465078
98782300
97464215
97465149
97458148
96426715
96388792
98782153
96409298
96408631
97475912
97469294
98784034
98785916
97470155
97463552
97473056
97475884
97460878
96428880
97474219
97475007
97469332
97463667
97460142
97463066
97462963
97466840
97456924
97476100
97472759
97458890
97460465
98784666
97468031
97470667
98781669
97462366
98784168
97457025
97461672
97467596
97472494
97516958
97507787
97527696
97519449
97484354
97519892
97523259
97517906
97528984
97481089
97520986
97482379
97510176
97519226
97507025
97515586
97484329
97478538
97523684
97516572
97522503
97499712
97477034
97510715
97495435
97497401
97519450
97484356
97525184
97523166
97523859
97484599
97508942
97525431
97498607
97505229
97518546
97513505
97504935
97526825
97523690
97479807
97509730
97526647
97507241
97527264
97482741
97530548
97530597
97518486
97491589
98786394
97523722
98783056
97501431
97527477
97484188
97499300
97515917
97486297
97521710
97508078
97529775
97499120
97479383
97521879
97499051
97486083
97500457
97519372
97519690
97521437
97529735
97527408
97509048
97500361
97482291
97525425
97525670
97516099
97527591
97505253
97518110
97517430
97523189
97502909
97517463
97513215
97517026
97508728
97509844
97518834
97484952
97498128
97490320
97482114
97489729
97507558
97529953
97508936
97517408
97489708
97489275
97517454
97505604
97512008
97497067
97522152
97509182
97521085
97524841
97497974
97531013
97485288
97487633
97495588
97481856
97514240
97522172
97525630
97492892
97477827
97520427
97492543
97490338
97498213
97502072
97492938
97494007
97479680
97526653
97516719
97514524
97502267
97524982
97523596
97516630
97478948
97477337
97490812
97482526
97482280
97524934
97482497
97484134
97517233
97482021
97519008
97506311
97482000
97508562
97517229
97498097
97484173
97515608
97517413
97501695
97516848
97529031
97503851
97481461
97478730
97504174
97492804
97528507
97479670
97522210
97493387
97528566
97483646
97527174
97520374
97515438
97528426
97525451
97501346
97525300
97476604
97529843
97484543
97506729
97516346
97522945
97497935
97481448
97511464
97511292
97484529
97482557
97491626
97518368
97524595
95947240
97526942
97478034
97483114
97517868
97525295
97524474
97522858
97514765
97528604
97515918
97414998
97449246
97416199
97413584
97431579
97430759
97430668
97413431
97440181
97423812
97403719
97446481
97445904
97413031
97411368
97408695
97406515
97403758
98788647
97404146
97430229
97421904
97420283
97430230
97450892
97414037
97413345
97454660
97439390
97434851
97432318
97427232
97416860
97456453
97403209
97430516
97414692
97451233
97456181
97418803
97409802
97415282
97439237
97405627
97432174
97445686
97430199
97450519
96826295
97440518
97405489
97423897
97440127
97416212
97636082
97426433
97403484
97403406
97426533
97414671
97421642
97432278
97449112
97456625
97444899
97449027
97412471
97436757
97412536
97408521
98788104
97405663
97429749
97418055
97425359
97421866
97450354
97456672
97441786
97450183
97428771
97450793
97412395
97455730
97420476
97414909
97418533
97428428
97430847
97428227
97453163
97441927
97408466
97425363
97443062
97411783
97441434
97429050
97431586
97413058
97409044
97434577
97410596
97403596
97421787
97436341
97441588
97416754
97425954
98788403
97408895
97443702
98774560
90892987
98772364
98775048
90865622
90891935
90868816
90888732
90892276
90890076
90848967
90844139
98778617
98773356
90875376
98771781
90867564
90871805
90845983
90851868
90851314
90838324
90889798
98783176
98783083
90892609
98777254
90839448
98782790
98773901
98770745
98771412
90874162
98781984
90890420
90846893
98782998
98781056
98781799
90873934
98770389
98783620
98770182
90891008
98769885
90892106
98783182
90868942
90846952
90859619
90859592
98770600
90860961
98777832
90838824
90853401
90844354
98780306
90862317
90890897
90890064
98770390
90840895
90886795
98774553
90872037
90877200
90849113
90889290
90877607
90877569
90839271
90854332
90847930
98782837
98771015
90889427
90846572
90846578
90857284
90883727
98778023
90846506
90844629
90881745
90860794
90889084
90849762
98779480
90873454
98771473
98774151
90859492
90890322
90837752
90861279
98777801
90866425
90837729
90880493
98782850
90846752
98783771
90868425
90845029
90838971
90876299
98771342
90883274
90846151
90840768
90892660
90893702
90869892
90863421
90863140
90841323
90837521
90852491
90867509
90864507
90892358
90839306
90891172
90874603
90849182
90856147
98779886
90885936
90838912
98773179
90894098
90891078
90841463
98781791
98780751
90878132
90837595
90845829
90884605
98779750
98772322
98781684
98782969
90871456
98771319
90874704
90843748
90866465
90841752
90886325
90890599
98780962
90842623
90870615
90857473
90855311
90845532
90893868
90891758
90891664
90890579
90885676
90885352
90884768
90883419
90881578
90880475
90877352
90877019
90876061
90875296
90874232
90873540
90868274
90862275
90861864
90859732
90858860
90857381
90854203
90850142
90846994
90846211
90843530
90837427
98782283
98782404
98778116
98771531
91043487
91043571
91026218
91023172
91066080
91066654
91057761
91021942
91051119
91040348
91039101
91023981
91064697
91029678
91064500
91059947
91041568
91069387
91058620
91049624
91057402
91043017
91039521
91034720
91028313
91029603
91062282
91049686
91022770
91039196
91033677
91055828
91062833
91037136
91023641
91069446
91065589
91068856
91053060
91047493
91038408
91025463
91047149
91042666
91024415
91040756
91036578
91056386
91024684
91032659
91068815
91061620
91031371
91050260
91058502
91026304
91025076
91057964
91038394
91055174
91054654
91045432
91056786
91049697
91024096
91049067
91053471
91057968
91058220
91039575
91027899
91062716
91031340
91024374
91065294
91050091
91046922
91037218
91022051
91044128
91047363
91063948
91065462
91046762
91068761
91067985
91864155
91047666
91056089
91042087
91050333
91024473
91055079
91025742
91023658
91039474
91030079
91065037
91054571
91025540
91035313
91044158
91035108
91032587
91061822
91058277
91053791
91034702
91043175
91033046
91034429
91057438
91048373
91028768
91030283
91027399
91055930
91051239
91039727
91067971
91067299
91029368
91069513
91025406
91040628
91033625
91030189
91069546
91038319
91786980
91040832
91034780
91059726
91033239
91031353
91040061
91051660
91036898
91037385
91042370
91025616
91025017
91069512
91038132
91058638
91064295
91041525
91037429
91027363
91055641
91064357
91059515
91027793
91038502
91028246
91060330
91040719
91041006
91038353
91033901
91033164
91056442
91042175
91034908
91055359
91053858
91028793
91065909
91042971
91057631
91024162
91033507
91068647
91022783
91066125
91045673
91038540
91038270
91049779
91052185
91023403
91045326
91064426
91043075
91047119
91045075
91043716
91030078
91029525
91047511
91031326
91843661
91058178
91015284
90973521
90983152
90994939
90984651
91014708
90969074
91017156
98785387
91021922
90997023
90982166
90997747
91018218
90971053
91019044
90974238
90991794
91012528
90987356
91019539
90974370
91018882
91004830
91014967
91019913
91016237
91006583
90982551
91020461
91015270
90988773
91008932
91011744
90980536
90998517
91013951
91006506
91012046
90974109
90969882
90974552
90983956
90979385
98785991
90979359
91016457
98788900
90975795
90974056
90974372
91009547
98785663
90980173
91017827
90973513
90980929
98787404
90985476
90989950
90985132
90986846
90981205
90980476
90992460
98784365
90996459
91000117
91002559
90993229
90996084
91002469
90972357
91005579
98784994
91001539
90985939
90982413
90992405
90972128
91002154
90984313
90980269
90985956
98788560
90987137
90988793
90970631
90993167
90976376
91008792
90982476
90988201
90979176
90984134
90978675
90973869
91016956
90980067
91000407
90973540
90978775
98783978
90978815
90991574
91003358
90971639
90983004
90976370
90996416
90967693
90969518
91001579
91005017
90984605
90972342
90993795
91011093
98785205
90978981
90968963
90979101
90988827
98784844
90987258
91008254
91005791
98786550
90971676
90967851
91004788
90995918
90968411
91016983
90970535
91008981
90988755
90975371
90970843
90985705
90965257
90961729
90961451
90956469
90953173
90952394
90951224
90947912
90945720
90945569
90943340
90932167
90931882
90929474
90926039
90924682
90919523
90919332
90917245
90917240
90912262
90910957
90908371
90899673
90894856
90926878
90917298
90931504
90953481
90949766
90896159
90931228
90954774
90914298
90896246
90960519
90931990
90923129
90934238
90924822
90963402
90956286
90932782
90955755
90904537
90928271
90956073
90942953
90931591
90947122
90950218
90943405
90929846
90933738
90960694
90903514
90894324
90962945
90948576
90943778
90894314
90960759
90930067
90931817
90922110
90933380
90918832
90931659
90923394
90914228
90964861
90957335
90967496
90961791
90941035
90912983
90952903
90906892
90953054
90950121
90936891
90931566
90911065
90949543
90957993
90963184
90933682
90948512
90925268
90942568
90918503
90920863
90949275
90934587
90925210
90947267
90952701
90952516
90915163
90945597
90957982
90915432
90917615
90943485
90921207
90960904
90922667
90922721
90910271
90961537
90929364
90953031
90960291
90918516
90946458
90932638
90906946
90932158
90913797
90920109
90910437
90910834
90938855
90964614
90952043
90918812
90895047
90930298
90959459
90963324
90955203
90941121
90953918
90927679
90896754
90921329
90923641
90950298
90942532
90932355
90940334
90934585
90914395
90905661
90916619
90951907
90941524
90921067
90940839
90934891
90934700
90894355
90934963
90895769
90936942
90944946
90964058
90927493
90943988
90953096
90958820
90954797
90937299
90921480
90915613
90912397
90924601
90927451
90936937
90917014
90953460
90949655
90961759
90942777
90937159
90945623
90894346
90964842
90933511
90945418
90956299
90896256
90953628
90920120
90943912
90952316
90964932
90922292
90965161
90966541
90950093
90923810
90898637
91836972
90947130
90935860
90932198
90903852
90947080
90951558
90917265
90962564
90961445
90946059
90946328
90897319
90956538
90932436
90932965
91439000
90960376
90933598
90910951
90932342
90898168
90913078
90904779
90929373
90960209
90932482
90930270
90910724
90954392
90915828
90943347
90919666
90953815
90965718
90901653
90943959
90928899
90962123
90898159
90967314
90925460
90929903
90942607
90947835
90921394
90943903
90937450
90957669
90902762
90941480
90925145
90944696
90941102
90936698
90950198
90897208
90907688
90903881
90931093
90925619
90965398
90942694
90920570
90918067
90964759
90920147
90964984
90918974
90929449
90898307
90948911
90916580
90949289
90918270
90962787
90918721
90925301
90948056
90967166
90933673
90925072
90914656
90946724
90895221
90950227
90955337
90966006
90895454
90806530
90782608
90795214
90804902
90824100
90794227
98769723
90797697
90835657
90803794
90835309
90800373
90827318
90763599
90769466
90832269
90813643
90829351
90779028
90765509
90768395
90829548
90836841
90797417
90802193
90834621
90834916
90780835
90822673
90754140
90790863
90789540
90755266
90749762
90815676
90789864
90820939
90822534
90799832
90803817
90781970
90762303
90765400
90778292
90796135
90778904
90786684
90835052
90817304
90758114
90758928
90754055
90798287
90814469
90766461
90822616
90831559
90789398
90751183
90763658
90753250
90836641
90752458
90755535
90827523
90753061
90751209
90750256
90751931
90750425
90749527
90762702
90765349
90760708
90764385
90750901
90819605
90751773
90826629
90764224
90787010
90806941
90818350
90819554
90792169
90762053
90759428
90801769
90772789
90823166
90784113
90831991
90758262
90825594
90834532
90832495
90765763
90821675
90782843
90821401
90821554
90822377
90800956
90756311
90823079
90800853
98769877
90812330
90784325
90755423
90761048
90796808
90799466
90826958
90789525
90836582
90813905
90813226
90823372
90814788
90816586
90836895
90833971
90785302
90789325
90785106
90827247
90823258
90821904
90831574
90805297
90801987
90837361
90817614
90831699
90798728
90812830
90820862
90826461
90832615
90784237
90800717
90824667
90829757
90777328
90825769
90837026
90769607
98769796
90831193
90778647
90781012
90780705
90778129
90830263
90791218
90779247
90777985
90824630
90825010
90761081
90829066
90782171
90758269
90829895
90830338
90767139
90830469
90831372
90807928
90828308
90825539
90786743
90752616
90837135
90834411
90826517
90830705
90791299
90791966
90789512
90805364
90750669
90763568
90823069
90799142
90769735
98769749
90759478
90796749
90821458
98769801
90831906
90828659
90820530
98769446
90808228
90796159
90798916
90820041
90827868
90786074
90762796
90798153
90748921
90809163
90772105
90806194
90782159
90824901
90810106
90802399
90808154
90759735
90771535
90828786
90809158
90822133
90824977
90823264
90831620
90799574
90824092
90768263
90818428
90824834
90822959
90821638
90820594
90821069
90803829
90815805
90783613
90750679
90817163
90831723
90793890
90836374
90790557
90796223
90784980
90783891
90779518
90779134
90778790
90767190
90758683
90795422
90777510
90766113
90836210
90836975
90835638
90749155
90749154
90806675
90812483
90810775
90810613
90804421
90800286
90806946
90804787
90815372
90804382
90807141
90807980
90833592
90831819
90817524
90801279
90810540
90809534
90808634
90807798
90799461
90799393
90799232
90749730
90836652
90834494
90824580
90835553
90834369
90812195
90798628
90812017
90797368
90837360
90752549
90752866
90756284
90759520
90761559
90762083
90762489
90765943
90768351
90776182
90785671
90786192
90786807
90788654
90791467
90792867
90793805
90801779
90804157
90815278
90766215
90815759
90816259
90822637
90822964
90824386
90826474
90826804
90828165
90832964
90833919
90797408
90797019
90794862
90793893
90794323
90793559
90792414
90791976
90791608
90762511
90775433
90790716
90783283
90785140
90784191
90809835
90782146
90778712
90778466
90772913
90770672
90767868
90760813
90764707
90764255
90763865
90762633
90759386
90766865
90769946
90765120
90751738
90826901
90807267
90827278
90780669
90817267
90835259
90789219
90826525
90807795
90776959
90764470
90815163
90826661
90830804
90763153
90789626
90799473
90769945
90779008
90821989
90837203
90816032
96820832
90814186
90832434
90772975
90753991
90835055
90810919
90750990
90756824
98769289
90832635
90754393
90793869
90765978
90764660
90823895
90818527
90786635
90769575
90777303
90793808
90824781
90816601
90797536
90808570
90785154
90799578
90797402
90749163
90790618
90757695
90799751
90825370
90766867
90809372
90753414
90759485
90819760
90823552
90828715
90836568
90829304
90822414
90806853
90792434
90832517
90818704
90810118
90827470
90759627
90810980
90819326
90814226
90815317
90811982
90778727
90812336
90799481
90773214
90819092
90822311
90793658
90764146
90760696
92333107
92332737
92330207
92332678
92332383
92332973
92330156
92330498
92332069
92331476
92331844
92330347
92330972
92330841
92330648
92329963
92332589
92330199
92329781
92329771
92328079
92328338
92328191
92328373
92337923
92336263
92339076
92337166
92338401
92338735
92338123
92328546
92339408
92328477
92337619
92338879
92328963
92338945
92338559
92338252
92338734
92339598
92337684
92339062
92336043
92337139
92334720
92334341
92334027
92334329
92333994
92333679
92333278
92335860
92335413
92335629
92335325
92335536
92335143
92335268
92328861
92328746
92328617
92328988
92328556
92329400
92511401
92516565
92502013
92493597
92520834
92495225
92499423
92502755
92511264
93892110
92491473
92491398
92491419
92468174
92472780
92503284
92492757
92501715
92514603
92502726
93892074
92468190
93885136
93886001
93891194
92476167
92475516
92472822
92488814
92516231
92496554
92515143
92504336
92494569
92495079
92515928
92497941
92512190
92493391
92494415
92518016
92517010
92514666
92496111
92503219
92497638
92509140
92495242
92508646
92522097
92521176
92516357
92507348
92499059
92496699
92499501
92494256
92505715
92519065
92508103
92513171
92521632
92509578
92499007
92520931
92500960
92502442
92499940
92498127
92509151
92508659
92513514
92493877
92503896
92505916
92517342
92516983
92512251
92493887
92516595
92516325
92512450
92499979
92496820
92503167
92517372
92515072
92508397
92519740
92494177
92522153
92502887
92493871
92509109
92513968
92503381
92516578
92505465
92507159
92502840
92496916
92493045
92493431
92499661
92516827
92494451
91591459
92490199
92505845
92493805
92494453
92522143
92520437
92717117
92518615
92002002
92518246
92511490
92502483
92494295
92522372
92511721
92494066
92505524
92495765
92501095
92508065
92512034
92519149
92503273
92495148
92511139
92506748
92503154
92509504
92504691
92503123
92519511
92518901
92513666
92521367
92460367
92456999
92461509
92459138
92460089
92459547
92457606
92458131
92461504
92463099
92456488
92457740
93881469
92461839
92462928
92461279
92462706
92461544
92457909
92460298
92457759
92455724
92549546
92460450
30169407
92547391
92459603
92552831
92457916
93882152
92459073
92457947
92455779
92462594
92460674
92459947
92457160
92457152
92461055
93881569
93881807
92457346
92457722
92460763
92459117
92459534
92462709
92459893
92456819
92457557
92468800
90214677
92471433
92544741
92543022
92465356
99463650
92545980
93890452
92546554
92547795
92456347
92543298
97218001
90401589
92544843
92556765
92546345
92552156
92542428
92538111
98930202
92542911
92554349
92552807
92548728
92546397
92547563
92541687
92540048
92537954
92537855
91372437
92544645
92553717
92554489
92543268
92541931
98379337
92549776
92539962
92538250
92544680
92543262
92543186
92556824
92545826
92551992
92550652
92548124
92545795
92543859
92553439
92542939
92474990
92486479
92486983
93882897
92476125
92486931
92691755
92883393
90473976
90449621
92469225
93891264
93883025
93888762
92469419
92544654
92525641
92535770
92826127
99991759
99601834
99992401
92532086
92536299
99099469
98942575
90020334
99999811
92534769
92527194
92523632
92527363
99698008
96967711
99776747
95379467
97151115
99995708
96814132
92534869
92529326
92533949
92527277
92536193
92464831
92534735
92525926
92531475
92523785
93887037
93886867
92536334
92535591
92489402
92524779
92470696
92532463
92528602
92529572
92477002
92546598
92491489
92532852
93883952
92490459
93883293
93886064
93886228
92535285
92529827
93883262
92487720
93886273
92528140
92533272
92523013
92524150
92531310
92530884
92536007
92530565
92530575
92528535
92526307
92527298
92529301
92530986
92477092
93889360
92464883
93887255
92489570
93887867
92467546
92490187
92476796
93887240
93888463
93891408
91465356
93888946
92489102
92476320
92486992
92472199
92482847
92465498
92478084
92488039
93889619
93888151
93887244
92477672
93887435
92491836
93888568
92484541
92466230
92471669
92490479
92471838
93890846
93892092
93887308
92472624
92484037
92487524
92470699
93891125
93885837
93883238
92467024
90020334
90168685
90214677
90401589
90449621
90473976
90702143
90903852
90919666
90920863
90923641
90932355
90942532
90950298
90951907
90955755
90964759
90964984
90980067
90984605
90988201
91168147
91185560
91372437
91465356
91465977
91477527
91479238
91591459
91709881
91712342
91713436
91717865
91719385
91727450
91727934
91731130
91732703
91745802
91759359
91805845
91842459
91857520
92071495
92078050
92082239
92085652
92085933
92085955
92086024
92090075
92090373
92091611
92092450
92093062
92095168
92095631
92099365
92145547
92155945
92164728
92165600
92178537
92180053
92180186
92180239
92180789
92183606
92192659
92199620
92200744
92231394
92261038
92269787
92270131
92272080
92272436
92273042
92273142
92273419
92273646
92273923
92275639
92280183
92281231
92281716
92281739
92281751
92282364
92284566
92293972
92311954
92313280
92317079
92320596
92323499
92325210
92326011
92326324
92335536
92348982
92350896
92369183
92370495
92373429
92464883
92471838
92477092
92501095
92503167
92503219
92504336
92505845
92506748
92509151
92511264
92512251
92515143
92522097
92526307
92530884
92544654
92673219
92691755
92808706
92826127
92883393
93885837
93886867
93887255
93891125
94010686
94015756
94024732
94040329
94040828
94041716
94043905
94045767
94046298
94047050
94049322
94050126
94053468
94054656
94060134
94061071
94062344
94063993
94176890
94188829
94231404
94246496
94291562
94326574
94332337
94337570
94340161
94340964
94348978
94349697
94350165
94353009
94353266
94354307
94356182
94356197
94359315
94361224
94364568
94365830
94367630
94369928
94372080
94373846
94381724
94382531
94385586
94388494
94392528
94392994
94393341
94394966
94395272
94398479
94401623
94402294
94402818
94476953
94715957
94906325
94998735
95379467
95405784
95466629
95886950
95890530
95892739
95892863
95893037
95913720
95921795
95923783
95926644
95927809
95931703
95947240
95948103
95948555
95976730
96408631
96415602
96814132
96857447
96859144
96861815
96867328
96884049
96891275
96893264
96893317
96895038
96895288
96901292
96903724
96905382
96907935
96909240
96909427
96912875
96914861
96914963
96918654
96919682
96920838
96924819
96929295
96931164
96934187
96956540
96957303
96958168
96959096
96959212
96961799
96961892
96962579
96967711
96969711
96970183
96992769
96995621
96999737
97012418
97013274
97016307
97016479
97018119
97026980
97027059
97027132
97038447
97151115
97219023
97425363
97443062
97477034
97481448
97484188
97490338
97492543
97506273
97509730
97518368
97527264
97528426
97587443
97609298
97626629
97632219
97633467
97636082
97644791
97653475
97681586
97707198
97736644
97786487
97965438
98346497
98415227
98415923
98415969
98416175
98416991
98417043
98417176
98417306
98417677
98419667
98432161
98485164
98507394
98508093
98707062
98749960
98751807
98783056
98942575
98965088
99099469
99421096
99582119
99601834
99698008
99776747
99991759
99992401
99995708
99999811
91836569
91811771
91778973
91800353
91811902
91837386
91811530
91798375
91849388
91852624
91836972
91803698
91838823
91845869
91813312
91834573
91754531
91851692
91804609
91838274
91813429
91801892
91802661
91835659
91811889
91848672
91779963
91750904
91813880
91849818
91853397
91812479
91836869
91841364
91813511
91813401
91834026
91802542
91849968
91802688
91812844
91812942
91801790
91836103
91837856
91810026
91750907
91813621
91763280
91802504
91863290
91803512
91802754
91813966
91802826
91873803
91800257
91834466
91833743
91874610
91803800
91854350
91865055
91811607
91836745
91800328
91800835
91757622
91761044
91840926
91813133
91814619
91756819
91835064
91802687
91848597
91800497
91876599
91813198
91811886
91836899
91837723
91806437
91838969
91803484
91812009
91866375
91838507
91837461
91875969
91839363
91857578
91804185
91801137
91801072
91841461
91834975
91811622
91803241
91798354
91760873
91792762
91800569
91807592
91812365
91875831
91823545
96826712
91848274
91810908
91803949
91852741
91813079
91757123
91877658
91795766
91763188
91802971
91847723
91874692
91812369
91812738
91850174
91802918
91839296
91856097
91761731
91796046
91803364
91811866
91875436
91803296
91802493
91812305
91803047
91874655
91801637
91835831
91835683
91803054
91844011
91821673
91834885
91837051
91814394
91803162
91803405
91846551
91801325
91816480
91801353
91812054
91834664
91813298
91878172
91813185
91757136
91812813
91802416
91802947
91836746
91847557
91847389
91845783
91837714
91813257
91862908
91812997
91841794
91801458
91835296
91813069
91813061
91812250
91875135
91768283
91814574
91802775
91746191
91800897
91751404
91803808
91836965
91802851
91756423
91810969
91803460
91867378
91811604
91814129
96829785
91876955
91800822
91874379
91803701
91791655
91812097
91857665
91802293
91770460
91769212
91825925
91825837
91799508
91830290
91825184
91782417
91825494
91779112
91815704
91766351
91766898
91804227
91772386
91805271
91765395
91782793
91809053
91766643
91769315
91777559
91805325
91765882
91780725
91769292
91805671
91768653
91770519
91767426
91772064
91766729
96826753
91750862
91829284
91771890
91832234
91798471
91800013
91766207
91824251
91807886
91768569
91836942
91780480
91761403
91809795
91807847
91799276
91774917
91767089
91827184
91765780
91817851
91750134
91817281
91799860
91764149
91810708
91765468
91767974
91818176
91767803
91779893
91776573
91767728
91815195
91827045
91779209
91769235
91822339
91772124
91778348
91779497
91798912
91846874
91819898
91821067
91798174
91798341
91799720
91838568
91770559
91860122
91799295
91769880
91822530
91769822
91806136
91821884
91767852
91804199
91806935
91797914
91828007
91810270
91843079
91770259
91782516
91815478
91774914
91865701
91809463
91817062
91749233
91779187
91805893
91822042
91767655
91867650
91814759
91768463
91806223
91774653
91775603
91825213
91810279
91768570
91809259
91769579
91768195
91800307
91827225
91780540
91765429
91751049
91817048
91769679
91776078
91765527
91830356
91766769
91777432
91778789
91774929
91817219
91773493
91777146
91808627
91767263
91806178
91822487
91829318
91809356
91766935
91815876
91839953
91768359
91822170
91753696
91769084
91824043
91826293
91779601
91829290
91768326
91782423
91782457
91805926
91766152
91805976
91768857
91826788
91776924
91779823
91778520
91767752
91773424
91819718
91825629
91769346
91782015
91779658
91761480
91807251
91773995
91774288
91779741
91798231
91809825
91807497
91830148
91831090
91800260
91778798
91815278
91809867
91776457
91775001
91816459
91827844
91831461
91766682
91776780
91765705
91782702
91864655
91773552
91814641
91809877
91808776
91767094
91822187
91766199
91861624
91805596
91807581
91771825
91773827
91829028
91826816
91773929
91809427
91873849
91809169
91749385
91815987
91804314
91804251
91767523
91831345
91769703
91805684
91760826
91806686
91768318
91839227
91780759
91800631
91839967
91817072
91776186
91754620
91816879
91768727
91873740
91775428
91818749
91779422
91775613
91819447
91773629
91769124
91776592
91768495
91767857
91799686
91825796
91765449
91809234
91782073
91807892
91782758
91765525
91827916
91828494
91782623
91818626
91780887
91762983
91806225
91806305
91826865
91768087
91777632
91778085
91774812
91765955
91762130
91862353
91774624
91769241
91773547
91776724
91806939
91779287
91765652
91809461
91799657
91799485
91779013
91827485
91753972
91825233
91775635
91770319
91823890
91860792
91806086
91817706
91780802
91777531
91779355
91803497
91765830
91774457
91825356
91798531
91759655
91848650
91752822
91834245
91755189
91857833
91862059
91865436
91864114
91751603
91762665
91849527
91755675
91754722
91759896
91874486
91756253
91847838
91754127
91751480
91761135
91798212
91865395
91861557
91865188
91748675
91878186
91758387
91753962
91763382
91753578
91762395
91873489
91865512
91838835
91811054
91751437
91762625
91754046
91756398
91765163
91820516
91754219
91873185
91761224
91864024
91748970
91834449
91872542
91879577
91802319
91810919
91755972
91755667
91753230
91749101
91864380
91873914
91873328
91751432
91864852
91872293
91869168
91761197
91844921
91878574
91810928
91756143
91761136
91761297
91752899
91857519
91862521
91872521
91833196
91864075
91844043
91866517
91757087
91838556
91756708
91748962
91751558
91857459
91748739
91858531
91759521
91862093
91755403
91873944
91862939
91749224
91756429
91753168
91877097
91756414
91879006
91764470
91763591
91761369
91813053
91751182
91751076
91751456
91867655
91748992
91865310
91841235
91839890
91805687
91749098
91755624
91751659
91838285
91873286
91758295
91873608
91753023
91869848
91760848
91751378
91762539
91858423
91861993
91753363
91748987
91866932
91859288
91847622
91839447
91749065
91863789
91871694
91843649
91763950
91751834
91751077
91752027
91873495
91756606
91752107
91778101
91864468
91863153
91751526
91748808
91753273
91879755
91751296
91751541
91749041
91754528
91753457
91863507
91756374
91867821
91759858
91752498
91763219
91832598
91861744
91764072
91879362
91760685
91863878
91757176
91838109
91751346
91751508
91752487
91873751
91761261
91839206
91761105
91877858
91864356
91865083
91821346
91752879
91864155
91845564
91751307
91816425
91753671
91811502
91751179
91811944
91751540
96823345
92531387
92537917
91844364
91783334
91750613
91793242
91787921
91750964
91785784
91787762
91787886
91796926
91785658
91789654
91790143
91793035
91782991
96821701
91788649
91786725
91790158
91745733
91795392
96821138
91795937
91795406
91789741
91747613
91795530
91749439
91746726
91784258
91796156
91785623
91795439
91790292
91840671
91873691
91793431
91795750
91785838
91792930
91792042
91790682
91797409
91790286
91743644
91795078
91784424
91783317
91743694
91869056
91743562
96820721
91839161
91796005
91788276
91743960
91788255
91789684
91785652
91784634
91790848
91788010
91749321
91744182
91783475
91743502
91794578
91797449
91792817
91745439
91743703
91793425
91749351
91795089
91796725
91785863
91750685
91745646
91792100
91789104
91790328
91797372
91786745
91745787
91787744
96824686
91793228
91840857
91797637
91797003
91783547
91744125
96830635
91791140
91750586
91792528
91790976
91785759
91840072
91791176
91783423
91865742
96830892
91797066
91750386
91796478
91783285
91786980
91797834
91787027
91796105
91840569
91743604
91797408
91797615
91747505
91789605
91796762
91795345
91743763
91783067
91747362
91785003
91795193